4.089062013177666710e-01
-1.571106381217292347e-02
3.848138388720621084e-01
3.927935198019567031e-01
2.667471540060267210e-01
4.075954116954635387e-01
1.066772322244734506e-01
5.908055726604304753e-02
-1.431026723585761273e-02
-1.329204758390765961e-01
2.438030490091562530e-01
4.915275253942922445e-02
2.261103910399739694e-02
-2.073988347200598006e-02
-1.417556993183685943e-01
-1.235181630264196723e-01
-1.558008657379298112e-01
-8.023477569277122357e-02
-6.050624839494701118e-02
-8.252742302821607090e-02
-1.043745161300315832e-01
-9.749242488488536751e-02
5.714674333141277034e-03
1.911448408755823600e-02
3.210055533951611806e-01
2.450929157431171734e-01
-2.342255838882736640e-01
2.994021177403516920e-01
-4.125833056553915301e-02
2.846080336135772271e-01
-1.101434356337531589e-01
-2.240536230395474282e-01
1.882022494652810934e-02
7.933199001339377165e-01
-7.563946023545069230e-02
-5.686074369056790534e-01
-1.315082891855688108e-01
-1.166308617438010370e-01
-1.574913956580579755e-01
-1.024874919592058502e-02
-2.012362331010324190e-02
3.826625399473445599e-01
-9.210586143051600894e-02
-1.560622600220880618e-01
-1.244757778527502828e-01
-2.767659765112105985e-01
-6.874869699710632609e-02
3.332322452816793845e-01
4.830613271439437167e-02
4.008927591909300370e-02
3.827014535272167672e-02
-3.456934629360139399e-02
-1.423979252657323891e-01
7.155694647525339125e-01
-3.394640362998598282e-01
-1.510708704842149697e-01
-4.050432951613334720e-01
-2.516698467285806706e-01
2.218176391533879799e-01
-5.154123776569607268e-02
2.361506311754988166e-02
-1.581262616633247742e-01
-5.643753591908561018e-02
1.494699568882850438e-01
1.334649128135001125e-02
2.047534037298568213e-02
1.058674817125144791e-03
-3.563370223892133731e-02
6.837486655356261704e-03
-4.041035457545489457e-02
-1.355323162816377165e-02
-3.601580192578310996e-02
2.407062965345275335e-02
2.698495099742434164e-02
2.150781081362449637e-02
5.383507943831849314e-04
-3.346318300384385630e-02
-2.618807265426153011e-02
-4.524886877828386902e-03
-1.393609326774320617e-02
6.093933726952864387e-03
-3.248157375845932824e-04
3.620187007217298691e-02
3.131279774833967827e-02
-4.356868361145264587e-03
2.242380092334161912e-02
-1.923081654886693928e-02
2.714975471778285909e-02
-9.948562564598100247e-03
-1.104577574829486292e-01
-2.363275032335188444e-02
-2.170548420121026431e-02
-2.238806556417834853e-02
2.245353077708993686e-02
-5.948609834516300349e-03
-2.327977657129589803e-02
-3.651244006700767042e-02
-2.284194719847223738e-03
-6.478203586812186603e-03
3.346138548694940068e-02
-9.348626773817241692e-03
-1.266667071080083452e-02
5.645072808253472074e-02
-2.678865348568176125e-02
1.356528070861861938e-02
8.177738344987113897e-03
