-1.356526214778243922e-01
6.408254777952113700e-03
-1.200358657108468174e-01
-1.248419623265985545e-01
-8.525894914858132834e-02
-1.276839256044929038e-01
-3.255597866818069064e-02
-1.835130432162882658e-02
5.481781737997125023e-03
5.025920965879947938e-02
-8.042424647770908541e-02
-2.063388873119192946e-02
-1.181747880620218072e-02
6.578816326801719717e-03
3.974582537093582918e-02
4.088491920439737970e-02
4.235847098527176918e-02
2.369564286431059819e-02
2.109408129302161455e-02
2.365558832856249835e-02
3.583563665258167330e-02
3.420254949184119153e-02
-1.885899889346678892e-03
-4.450381460100021232e-03
-1.012687448821743968e-01
-7.146591401197577298e-02
7.242984013672068566e-02
-1.035856472277088269e-01
8.831401399008023678e-03
-8.402873380438530271e-02
3.873572782860933844e-02
7.355323031412340506e-02
-8.419797816621424694e-03
-2.470219733514918969e-01
2.375443302551044286e-02
1.750621661166797405e-01
4.287701273087533849e-02
3.256769018609399075e-02
5.368120439164814073e-02
9.423536310716486546e-04
9.363173554231638690e-03
-1.203110912545601874e-01
2.937450200706496345e-02
4.722992571772276216e-02
3.735942434824816166e-02
8.953943837467438771e-02
1.470194499835207440e-02
-1.026093138646517744e-01
-1.714480769420452522e-02
-1.518452168822112709e-02
-2.072861461588720519e-02
1.606673418496159036e-02
4.001619507573484641e-02
-2.229221219633718554e-01
9.994418486903265675e-02
4.253870241120874529e-02
1.300465095807505356e-01
8.370440949736142333e-02
-6.769929840465352400e-02
1.538293896259788907e-02
-1.351393725407613097e-03
5.025244512334029606e-02
1.805131799580725685e-02
-5.028892673265462215e-02
-3.669742256743001134e-03
-6.715111367178780606e-03
-5.467803980149761947e-03
1.356792014852061488e-02
1.182766133215529047e-04
1.399426551955551372e-02
1.632706023629518525e-03
1.334267308839530951e-02
-3.397804106026328270e-03
-3.239229847740832981e-03
-7.029310745210813616e-03
-4.855657268561540396e-03
1.570226129828666134e-02
2.108462645438851420e-03
4.415425617596519664e-03
3.754196772200167100e-03
-1.932616125564480536e-03
7.871039444100322085e-04
-1.196799421415178054e-02
-5.661439465359313465e-03
4.021239613096270061e-04
-4.491790163987979291e-03
1.508321403221610929e-02
-7.989139955976193308e-03
8.128180055311849325e-03
3.767321588438137664e-02
9.200313891807377839e-03
4.398972023247311319e-03
7.541336716635831453e-03
-6.424909846496259722e-03
3.806118571439040879e-03
-9.947783809106120617e-04
5.859471014846370437e-03
-3.177862172774108870e-03
4.837703383003690884e-03
-2.105996652447574870e-03
-2.998610434913987497e-04
5.739112882550441788e-03
-2.471018010242286012e-02
1.782508173600857657e-02
-3.059444040882609069e-03
1.002468032546306644e-03
